# Необходимо подобрать функцию по заданному массиву точек
# f(x) - x**3 + x*5,45456546 + ...

data = [
[0.4949, 0.4377],
[0.5142, 0.4367],
[0.5294, 0.4357],
[0.5476, 0.4347],
[0.5587, 0.4326],
[0.5688, 0.4316],
[0.5870, 0.4306],
[0.6083, 0.4286],
[0.6225, 0.4265],
[0.6336, 0.4245],
[0.6478, 0.4245],
[0.6660, 0.4205],
[0.6832, 0.4174],
[0.6974, 0.4134],
[0.7166, 0.4113],
[0.7318, 0.4093],
[0.7439, 0.4032],
[0.7571, 0.3992],
[0.7753, 0.3951],
[0.7945, 0.3891],
[0.8107, 0.3799],
[0.8289, 0.3739],
[0.8411, 0.3688],
[0.8522, 0.3607],
[0.8654, 0.3526],
[0.8785, 0.3455],
[0.8947, 0.3354],
[0.9059, 0.3252],
[0.9140, 0.3181],
[0.9221, 0.3100],
[0.9312, 0.2979],
[0.9372, 0.2898],
[0.9413, 0.2827],
[0.9504, 0.2705],
[0.9575, 0.2553],
[0.9636, 0.2432],
[0.9706, 0.2270],
[0.9757, 0.2107],
[0.9798, 0.2016],
[0.9818, 0.1895],
[0.9828, 0.1783],
[0.9848, 0.1702],
[0.9879, 0.1560],
[0.9889, 0.1378],
[0.9919, 0.1256],
[0.9949, 0.1145],
[0.9960, 0.1023],
[0.9980, 0.0902],
[1.0010, 0.0740]
]
    

import matplotlib.pyplot as plt

X = []
Y = []
for a in data:
    X.append(a[0])
    Y.append(a[1])

plt.plot(X, Y)
plt.show()

